star planet planets temp mass radius metal period umag gmag rmag imag zmag jmag hmag kmag ESI
STAR-388 b 1 4103 0.63 0.6 -0.04 1.28707676 13.235 12.003 13.206 16.788 15.517 16.645 13.441 12.727 36.3
STAR-301 b 1 6020 1.09 1.13 0.03 40.0686727 13.092 28.04 31.159 15.166 14.658 14.973 13.542 13.223 44.5
STAR-128 b 2 5513 0.931 0.935 NA 16.087845 12.815 12.003 13.206 14.536 13.944 14.291 12.797 12.432 32.7
STAR-131 b 2 NA NA NA NA 13.722341 13.283 4.956 5.811 14.19 13.701 13.984 12.631 12.284 51.6
STAR-093 b 3 5643 0.91 1.065 -0.15 0.8374907 13.798 29.699 31.82 11.388 10.92 11.191 9.888 9.563 36.5
STAR-134 b 2 5266 0.92 0.85 0.21 4.03046804 14.115 15.4 16.898 15.618 14.856 15.388 13.577 13.16 24.7
STAR-425 b 1 6206 1.16 1.22 0.02 21.41616926 12.427 14.007 15.061 13.885 13.471 13.713 12.577 12.317 57.9
STAR-024 c 2 5723 0.943 0.899 NA 36.337373 13.315 15.4 16.898 16.345 15.722 16.123 14.5 14.16 46.8
STAR-048 b 1 5849 1.08 1.35 0.13 3.03214559 13.103 14.007 15.061 14.142 13.64 13.922 12.525 12.237 25
STAR-058 c 3 5180 0.74 1.037 NA 6.581484 13.692 14.007 15.061 16.26 15.398 16.042 13.916 13.448 27.6
STAR-585 b 4 5829 0.95 1.017 NA 7.384108 13.941 24.269 26.1 15.903 15.301 15.667 14.095 13.727 39.7
STAR-043 d 3 5828 1.19 1.548 NA 15.274299 14.059 4.956 5.811 13.89 13.43 13.647 12.352 12.047 33.6
STAR-018 c 3 4263 0.577 0.556 NA 16.384888 13.796 12.003 13.206 16.328 15.068 16.131 13.153 12.506 57.3
STAR-618 b 5 NA NA NA NA 3.6961219 12.579 4.956 5.811 12.997 12.423 12.814 11.252 10.91 41.8
STAR-367 c 3 6034 1.208 1.306 NA 42.632728 13.479 15.4 16.898 15.592 15.199 15.418 14.233 13.983 47.7
STAR-356 b 2 5665 1.02 1.19 0.23 14.70748976 13.056 14.9 16.047 13.866 13.326 13.676 12.194 11.868 64.2
STAR-328 b 4 6228 1.16 1.42 -0.1 12.1097104 12.69 20.941 22.518 14.645 14.281 13.369 13.146 13.109 44.1
STAR-246 b 4 4252 0.549 0.559 NA 7.203871 12.558 10.275 11.331 16.628 15.264 16.395 13.183 12.487 44.5
STAR-692 c 2 NA 0.014184 NA NA 13.2907 13.975 14.007 15.061 15.793 15.239 15.576 14.131 13.673 39.4
STAR-067 c 5 5904 1.291 1.82 0.025 13.17562 13.245 12.003 13.206 14.392 13.943 14.194 12.871 12.619 39.1
STAR-294 d NA NA NA NA NA NA 12.876 10.275 11.331 14.014 12.893 9.68 9.506 12.925 68.1
STAR-257 b 1 5714 0.98 1.11 0.03 12.99207337 12.136 16.662 18.119 14.524 13.914 14.262 12.739 12.339 40.1
STAR-713 d 5 4903 0.8 0.74 0.08 10.3117 13.112 3.816 4.606 12.289 11.428 12.108 9.983 9.445 31.9
STAR-495 b 3 5774 1.028 1.044 NA 1.732342 12.219 2.505 3.3 14.46 13.951 14.263 12.939 12.627 37.7
STAR-282 b 1 5476 0.9 0.87 -0.03 3.98953967 13.123 28.04 31.159 14.69 14.028 14.512 12.76 12.353 51
STAR-617 b 1 5816 1.06 1.34 0.12 14.55731705 11.972 4.956 5.811 13.935 13.359 13.685 12.121 11.794 31
STAR-506 b 1 6037 1.07 1.11 -0.02 11.29695137 13.058 28.04 31.159 15.221 14.762 15.051 13.662 13.339 42.9
STAR-280 b 2 6014 1.09 1.1 0.02 7.97419807 14.148 10.275 11.331 14.391 13.871 14.161 12.728 12.46 35.1
STAR-440 c 2 5274 0.77 1.094 NA 20.17202 13.119 2.505 3.3 15.434 14.637 15.2 13.25 12.769 28.8
STAR-724 b 1 5913 1.04 1.04 -0.03 2.82019241 13.539 2.505 3.3 15.061 14.607 14.87 13.625 13.3 42.3
STAR-323 b 1 5785 0.99 1.08 -0.01 5.66067294 13.075 4.956 5.811 13.97 13.464 13.759 12.305 11.968 28.4
STAR-430 b 1 6027 1.32 1.96 0.1 4.885525 12.425 4.956 5.811 13.26 12.815 13.037 11.833 11.601 17.6
STAR-629 c 2 6031 1.06 0.949 NA 8.005777 12.9 28.04 31.159 14.658 14.188 14.456 13.08 12.762 35
STAR-364 b 1 5670 1.154 1.764 0.169 7.2584481 12.165 2.505 3.3 15.334 14.688 15.113 13.461 13.137 27.9
STAR-484 b 2 5626 0.916 0.815 NA 2.936532 13.629 29.699 31.82 15.512 14.921 15.289 13.682 13.349 35.9
STAR-370 d 4 5232 NA 0.891 NA 25.751974 13.204 15.4 16.898 15.237 14.472 15.035 13.096 12.685 47.9
STAR-674 b 1 5616 0.95 0.93 0.01 34.18890521 13.423 2.505 3.3 14.578 14.039 14.357 12.923 12.583 46.4
STAR-072 d 4 6003 NA 1.178 NA 18.010199 12.189 10.275 11.331 12.172 11.749 11.962 10.797 10.516 37.9
STAR-085 b 2 5682 0.98 0.97 0.05 10.3507721 12.367 20.941 22.518 15.175 14.595 14.964 13.384 13.064 47.7
STAR-272 c NA NA NA NA NA NA 12.942 19.07 20.646 15.416 14.941 15.236 13.858 13.57 34.5
STAR-309 b 1 6297 1.374 1.793 NA 3.54846 13.52 3.229 4.006 13.883 13.321 11.863 11.769 13.369 20.4
STAR-683 b 1 5514 1 0.98 0.36 4.942782 14.109 4.956 5.811 14.266 13.687 14.024 12.577 12.282 14.9
STAR-458 e 4 6182 1.28 1.52 NA 54.32031 13.067 6.712 7.668 12.551 12.186 12.385 11.217 10.957 34.6
STAR-530 c 2 4699 0.671 0.668 NA 36.065978 12.668 2.505 3.3 16.296 15.349 16.203 13.608 13.064 55.8
STAR-216 b 2 5740 1.021 1.22 NA 30.184104 13.149 17.273 18.739 16.016 15.46 15.788 14.259 13.913 50.7
STAR-035 b 1 5713 1.02 1.13 0.15 9.48961571 12.832 14.345 15.644 14.287 13.706 14.051 12.576 12.256 39.7
STAR-055 b 1 5882 1.04 1.07 0.03 13.24934059 12.473 29.699 31.82 14.581 14.072 14.414 13.073 12.775 56.9
STAR-209 b 1 5744 0.98 0.96 -0.04 9.61375356 13.07 10.275 11.331 14.765 14.229 14.529 13.179 12.788 32.8
STAR-505 c 3 5957 1.021 0.91 NA 12.412183 13.17 15.4 16.898 16.344 15.806 16.146 14.675 14.268 44
STAR-130 b 2 5685 1.02 1.03 0.12 16.092 12.398 3.816 4.606 11.969 11.466 11.745 10.417 10.127 28.8
STAR-259 b 1 7099 1.62 2.02 0.01 24.85462415 12.48 6.712 7.668 12.255 11.994 12.113 11.179 11.053 32.3
STAR-061 b 1 5443 0.9 0.86 -0.03 9.07097734 13.896 29.699 31.82 15.54 14.896 15.31 13.728 13.32 36.2
STAR-385 c 2 5679 1.089 1.035 NA 16.665863 12.3 12.003 13.206 14.948 14.317 14.708 13.143 12.772 35.9
STAR-157 b 1 5913 1.11 1.16 0.19 7.74809437 12.566 29.699 31.82 16.254 15.609 16.009 14.412 14.112 29.8
STAR-025 b 1 5203 0.85 0.8 -0.02 16.08066115 12.714 14.007 15.061 14.413 13.618 14.199 12.191 11.692 51.3
STAR-599 b 1 6075 1.03 1.24 -0.18 5.16950177 12.511 14.007 15.061 13.869 13.497 13.69 12.51 12.22 36.5
STAR-685 b 1 6060 1.1 1.2 0.01 41.74600392 13.714 15.4 16.898 12.189 11.782 12.033 10.792 10.564 46.9
STAR-052 b 1 5527 0.93 0.9 0.01 4.79859939 13.695 2.505 3.3 15.203 14.6 14.995 13.41 13.045 38.9
STAR-041 b 2 5615 0.923 0.814 NA 12.699149 13.728 22.528 24.3 16.391 15.764 16.179 14.558 14.154 48.9
STAR-414 b 1 5993 1.11 1.14 0.09 22.0459018 13.121 28.04 31.159 16.191 15.63 16 14.468 14.169 58.3
STAR-720 b 1 5573 0.95 1.15 0.11 18.68404933 13.832 10.275 11.331 14.012 13.446 13.837 12.247 11.884 65
STAR-393 b 1 5690 1 1.02 0.04 16.2385 12.845 3.816 4.606 10.736 10.228 10.519 9.259 8.928 26.8
STAR-451 b 1 5770 0.98 0.96 -0.06 15.74957994 13.068 28.04 31.159 15.72 15.24 15.531 14.185 13.855 47.1
STAR-135 b 3 5272 0.777 0.851 NA 1.729366 13.419 12.591 13.805 16.042 15.278 15.839 13.903 13.526 35
STAR-119 b 1 5596 0.92 0.9 -0.08 7.1396941 13.513 2.505 3.3 16.415 15.844 16.174 14.682 14.294 43.7
STAR-044 b 1 5681 0.95 0.93 -0.07 133.4605235 12.967 20.941 22.518 15.593 15.048 15.361 13.968 13.601 50.1
STAR-135 c 3 5272 0.777 0.851 NA 4.180043 13.419 12.591 13.805 16.042 15.278 15.839 13.903 13.526 32.3
STAR-125 b 1 6761 1.46 1.74 0.03 7.71468975 12.523 15.4 16.898 12.265 12.022 12.115 11.25 11.064 34.9
STAR-438 c 2 5927 1.04 1.05 -0.01 3.70921385 13.98 4.956 5.811 13.169 12.74 13 11.698 11.401 36.1
STAR-234 b 2 6335 1.139 1.147 NA 11.38848 13.73 29.699 31.82 15.013 14.568 14.816 13.538 13.242 41.4
STAR-464 c 2 5816 0.953 0.958 NA 19.446355 13.341 28.04 31.159 14.763 14.211 14.545 13.041 12.708 37.8
STAR-321 c 4 NA 0.024945 0.185906 NA 9.6739283 13.044 15.4 16.898 13.692 13.009 13.509 11.701 11.291 39.1
STAR-458 c 4 6182 1.28 1.52 NA 10.423648 13.067 6.712 7.668 12.551 12.186 12.385 11.217 10.957 28.5
STAR-619 b 1 5192 0.87 0.79 0 12.92491623 14.162 10.275 11.331 14.208 13.454 14.01 12.013 11.615 38.3
STAR-423 c 3 5573 0.878 0.933 NA 9.946047 13.613 28.04 31.159 16.222 15.512 15.993 14.227 13.853 39.4
STAR-413 b 2 5190 NA 0.831 NA 6.308205 13.07 12.003 13.206 15.919 15.187 15.704 13.91 13.442 38
STAR-194 b 1 5643 0.98 0.96 0.06 4.16809082 11.906 2.505 3.3 15.392 14.73 15.128 13.618 13.246 35.3
STAR-100 b 2 5088 NA 0.724 NA 18.207973 12.479 15.4 16.898 14.922 14.223 14.742 12.852 12.487 46.9
STAR-433 b 2 4991 1.079 2.935 0.28 30.160546 12.132 15.4 16.898 12.328 11.497 12.074 10.047 9.58 27.9
STAR-592 c 2 3631 0.49 0.46 -0.01 0.89304124 12.99 15.4 16.898 16.712 15.31 16.425 12.596 11.951 35.2
STAR-311 b 1 5698 0.98 0.97 0.03 6.88337562 12.334 28.04 31.159 15.452 14.888 15.25 13.698 13.364 43.6
STAR-707 b 3 6089 1.053 1.025 NA 2.092281 13.689 29.699 31.82 15.369 14.872 15.155 13.779 13.449 37.4
STAR-473 b 1 4996 0.85 0.78 0.16 4.17625551 12.617 4.956 5.811 14.558 13.636 14.369 12.063 11.564 22.3
STAR-007 b NA NA NA NA NA NA 13.673 20.941 22.518 14.742 14.279 14.559 13.236 12.999 25.7
STAR-636 b 1 5967 1.08 1.1 0.04 21.21708973 13.967 2.505 3.3 14.981 14.513 14.765 13.43 13.131 40.6
STAR-148 b 1 6236 1.19 1.19 0.09 6.8834055 12.155 3.816 4.606 11.182 10.802 10.988 9.91 9.664 27.2
STAR-017 b 3 4605 0.709 0.667 NA 5.188549 13.876 14.345 15.644 14.679 13.66 14.55 12.035 11.468 46
STAR-537 b NA NA NA NA NA NA 13.5 10.275 11.331 14.729 14.225 14.54 13.141 12.846 19.3
STAR-045 b 2 6224 1.09 1.113 NA 2.711506 12.193 12.003 13.206 16.007 15.483 15.769 14.387 14.103 31.8
STAR-004 b 1 5963 1.11 1.16 0.15 1.6255222 12.32 2.505 3.3 15.595 14.923 15.352 13.656 13.355 17.2
STAR-554 b 1 5343 0.88 0.84 0 10.35533177 12.535 2.505 3.3 15.627 14.948 15.399 13.656 13.278 39
STAR-570 b 1 5741 1.05 0.98 0.21 17.4211749 12.838 14.345 15.644 14.401 13.881 14.213 12.803 12.519 54
STAR-637 b 4 5100 0.777 0.795 NA 7.49019 12.809 12.003 13.206 16.312 15.541 16.092 14.121 13.688 35.8
STAR-314 b 2 5980 1.09 1.11 0.05 5.4042722 13.723 28.04 29.546 15.122 14.643 14.925 13.579 13.262 40
STAR-689 b NA NA NA NA NA NA 13.823 15.4 16.898 12.896 12.135 12.642 10.683 10.221 23.7
STAR-504 b 1 4870 0.79 0.74 0.02 17.671796 13.422 29.699 31.82 16.379 15.503 16.235 13.962 13.471 53
STAR-514 c 2 5333 0.853 0.749 NA 4.302149 14.255 28.04 29.546 15.325 14.645 15.124 13.364 12.948 40.7
STAR-021 e 4 5858 1 1.04 -0.12 43.8445 13.658 4.956 5.811 13.293 12.85 13.084 11.752 11.493 32.9
STAR-632 d 5 3788 0.478 0.472 -0.28 13.342996 13.461 12.003 13.206 16.049 14.679 15.818 12.473 11.823 55.3
STAR-211 c 3 5479 0.905 1.007 NA 21.2234 13.121 12.003 13.206 14.663 14.064 14.461 12.891 12.512 59
STAR-365 b 1 4655 0.73 0.69 -0.07 10.35584657 12.997 29.699 31.82 15.235 14.295 15.045 12.646 12.07 47
STAR-489 b NA NA NA NA NA NA 13.513 4.956 5.811 11.74 11.609 11.61 10.983 10.875 32.9
STAR-241 b 1 5535 0.93 0.9 0 4.45419434 13.76 28.04 31.159 15.686 14.949 15.452 13.58 13.147 16.6
STAR-037 b 1 5961 1.14 1.25 0.19 3.744439 14.132 15.4 16.898 13.104 12.639 12.897 11.64 11.384 44.2
STAR-525 b 1 5075 0.82 0.78 -0.01 5.39202539 12.771 28.04 31.159 16.345 15.555 16.198 14.186 13.739 44.6
STAR-327 b 1 5668 0.96 0.87 -0.1 10.04556931 13.068 4.956 5.811 13.516 12.946 13.311 11.89 11.574 44.5
STAR-457 b 1 4223 0.65 0.62 -0.06 5.8706191 13.27 29.699 31.82 17.173 15.93 16.996 13.958 13.339 45.6
STAR-167 b 1 5653 0.96 0.91 -0.04 76.13602028 14.091 16.662 18.119 12.907 12.392 12.71 11.297 10.942 58.8
STAR-704 b 1 5839 1.19 1.38 0.34 11.13125132 12.064 16.107 17.482 13.875 13.422 13.709 12.336 12.023 39.1
STAR-166 b 1 5419 0.9 0.86 0 10.52629406 12.819 2.505 3.3 15.956 15.263 15.738 13.967 13.532 26.3
STAR-710 b 1 5496 0.93 0.9 0.06 4.301662 13.764 2.505 3.3 14.927 14.286 14.717 13.07 12.718 34.7
STAR-603 c 2 3767 0.58 0.49 NA 19.271566 14.214 22.528 24.3 16.618 15.383 16.462 13.404 12.775 58.2
STAR-623 b 1 5526 0.93 0.9 0.02 13.14497566 12.236 14.345 15.644 13.956 13.362 13.733 12.21 11.853 44.1
STAR-086 b 2 5644 1.003 0.967 NA 23.637604 12.704 14.007 15.061 14.066 13.55 13.836 12.448 12.101 33.8
STAR-429 c 2 4208 0.61 0.549 NA 10.848463 13.364 28.04 29.546 16.15 14.989 15.959 13.24 12.65 49.5
STAR-621 c 6 4540 0.73 0.678 0.04 9.52355 12.701 15.4 16.898 15.859 14.723 15.674 12.954 12.353 45
STAR-575 e 4 5428 0.922 0.945 NA 5.902206 12.963 12.003 13.206 15.718 15.096 15.478 13.878 13.526 35
STAR-107 b 1 5616 0.97 0.96 0.09 3.76182115 12.276 28.04 31.159 15.836 15.199 15.607 13.955 13.625 34.7
STAR-654 c 3 6354 1.26 1.34 0.11 12.7203678 12.06 3.816 4.606 11.293 10.778 9.493 10.734 0 30.4
STAR-392 b 1 5745 0.98 0.97 0 4.24153639 12.46 2.505 3.3 15.169 14.572 14.935 13.352 12.996 39.4
STAR-016 c 4 6189 1.18 1.403 NA 27.401994 13.642 4.956 5.811 14.273 13.879 14.084 12.913 12.653 45.2
STAR-168 b 2 5265 0.801 0.785 NA 16.568087 12.1 28.04 31.159 16.089 15.346 15.877 13.993 13.531 44.5
STAR-249 c 3 NA NA NA NA 7.64159 13.544 4.956 5.811 14.16 13.479 13.935 12.189 11.872 25.8
STAR-522 b 1 5677 0.97 0.94 0.01 81.1694299 13.506 29.699 31.82 14.985 14.43 14.768 13.326 12.952 69.1
STAR-454 d 3 5502 1.019 1.063 NA 124.5244647 13.62 14.9 16.047 14.507 13.891 14.28 12.731 12.385 65
STAR-521 b 1 5282 0.82 0.79 -0.19 1.22486632 12.556 2.505 3.3 15.972 15.332 15.746 14.128 13.656 33.4
STAR-584 b 3 6043 1.04 1.014 NA 2.566546 13.972 14.007 15.061 16.234 15.677 16 14.528 14.112 35.4
STAR-408 b 2 6077 1.207 1.288 NA 3.25427 13.289 10.275 11.331 13.316 12.939 13.151 11.989 11.759 39.6
STAR-220 b 2 6142 1.206 1.454 NA 5.968734 13.16 4.956 5.811 14.047 13.668 13.861 12.702 12.486 33.8
STAR-286 b 1 5870 1.01 1.02 -0.06 8.63847725 12.536 2.505 3.3 14.949 14.467 14.744 13.454 13.09 39.6
STAR-663 b 1 5865 1.04 1.11 0.04 13.72465129 13.802 14.9 16.047 14.124 13.594 13.879 12.516 12.201 37.4
STAR-204 b 1 6079 1.05 1.15 -0.12 4.48758907 11.924 15.4 16.898 13.859 13.406 13.655 12.372 12.057 45.5
STAR-662 d 3 5888 1.15 1.148 NA 28.986769 13.45 15.4 16.898 14.634 14.224 14.473 13.253 13.007 46.1
STAR-435 b 2 5812 1.05 1.238 NA 14.400974 12.363 14.345 15.644 14.324 13.852 14.118 12.846 12.486 42.3
STAR-733 b 1 5928 1.06 1.08 0.04 3.22296927 12.395 29.699 31.632 15.129 14.564 14.901 13.391 13.039 37
STAR-565 c 4 5835 1.15 1.103 NA 17.028937 12.557 29.699 31.632 15.803 15.348 15.61 14.252 13.935 40.9
STAR-728 b 1 4043 0.58 0.56 -0.17 5.72812599 12.672 28.04 31.159 17.257 15.969 16.998 13.875 13.208 46
STAR-461 b 1 6123 1.18 1.27 0.13 4.90332155 14.215 14.9 16.047 13.523 13.116 13.343 12.141 11.914 35.7
STAR-191 d 3 6239 1.11 1.358 NA 100.283134 12.968 20.941 22.518 10.904 10.514 9.344 10.5 0 58.5
STAR-079 b 1 5792 1.02 1.02 0.05 33.3855938 14.365 28.04 31.159 14.778 14.217 14.561 13.073 12.766 47.8
STAR-254 b 2 6064 1.045 1.01 NA 11.903515 12.925 28.04 31.159 15.408 14.889 15.192 13.772 13.487 40.6
STAR-232 d 3 5788 0.97 0.873 NA 29.022358 12.928 12.003 13.206 14.831 14.279 14.625 13.099 12.752 50.8
STAR-424 b 1 4201 0.64 0.61 -0.09 14.28226676 12.183 2.505 3.3 15.911 14.658 15.735 12.689 12.073 53.9
STAR-367 b 3 6034 1.208 1.306 NA 20.860674 13.479 15.4 16.898 15.592 15.199 15.418 14.233 13.983 39.3
STAR-021 c 4 5858 1 1.04 -0.12 13.5708 13.658 4.956 5.811 13.293 12.85 13.084 11.752 11.493 27.1
STAR-028 b 3 5786 1.171 1.491 NA 4.585512 13.352 14.9 16.047 14.174 13.692 13.973 12.678 12.4 41
STAR-071 b 1 4838 0.81 0.74 0.09 53.5293487 12.391 19.07 20.646 15.765 14.815 15.609 13.34 12.842 60.2
STAR-715 c 4 5526 0.85 1.085 NA 6.388996 12.275 12.003 13.206 15.093 14.445 14.859 13.169 12.882 35.4
STAR-615 b 2 5302 0.842 0.759 NA 2.735926 14.035 14.007 15.061 15.241 14.556 15.051 13.278 12.872 43.5
STAR-321 b 4 NA 0.024945 0.185906 NA 4.7779803 13.044 15.4 16.898 13.692 13.009 13.509 11.701 11.291 39.2
STAR-102 b 1 6174 1.33 1.51 0.41 23.44971004 12.445 14.007 15.061 13.666 13.238 13.483 12.234 11.958 42.8
STAR-572 b 1 5181 0.84 0.8 -0.01 3.04033042 13.037 2.505 3.3 15.823 14.978 15.608 13.513 13.016 18.7
STAR-006 b 1 5932 1.06 1.09 0.03 7.19303878 13.859 2.505 3.3 15.883 15.41 15.671 14.371 14.076 45.3
STAR-602 b 1 5493 0.89 0.86 -0.11 6.77030201 12.111 2.505 3.3 16.126 15.562 15.91 14.317 13.91 41.6
STAR-718 c 4 5851 1.183 1.411 0.27 4.901425 14.01 7.32 8.265 12.904 12.427 12.705 11.391 11.114 42.7
STAR-497 b 1 4747 0.75 0.72 -0.04 13.7521072 12.612 28.04 31.159 16.453 15.535 16.31 13.967 13.378 48.8
STAR-206 b 4 6004 0.864 1.12 NA 5.599308 14.281 28.04 29.546 12.104 11.775 11.956 10.814 10.576 34.7
STAR-416 c 3 5821 1.01 1.114 NA 5.370647 12.976 12.003 13.206 14.456 13.924 14.234 12.858 12.47 37.4
STAR-718 d 4 5851 1.183 1.411 0.27 7.958203 14.01 7.32 8.265 12.904 12.427 12.705 11.391 11.114 45.6
STAR-188 b 2 5770 1.185 1.641 NA 15.79186 13.377 10.275 11.331 12.646 11.817 10.252 11.696 0 51.7
STAR-008 c 2 5123 0.914 0.816 NA 6.04045 12.6 14.345 15.644 13.953 13.217 13.738 11.926 11.487 39.1
STAR-016 d 4 6189 1.18 1.403 NA 52.09059 13.642 4.956 5.811 14.273 13.879 14.084 12.913 12.653 41.2
STAR-014 b 1 5520 0.94 0.91 0.07 7.27503724 14.282 2.505 3.3 15.69 14.996 15.509 13.731 13.401 37.2
STAR-687 b 1 4940 0.83 0.77 0.15 2.3432319 13.578 2.505 3.3 15.647 14.699 15.48 13.24 12.74 41.1
STAR-480 b 3 4500 0.648 0.595 NA 5.95488 12.985 14.9 16.047 16.121 14.965 15.96 13.167 12.576 43.8
STAR-198 d 4 5739 0.977 1.027 NA 30.864423 13.433 12.003 13.206 14.045 13.541 13.824 12.416 12.064 43.3
STAR-112 e 6 5663 0.961 1.053 NA 31.9996 13.056 23.73 25.461 14.178 13.653 13.957 12.548 12.237 40.2
STAR-210 c 3 5676 0.89 1.066 NA 20.552802 13.297 15.4 16.898 15.143 14.548 14.916 13.279 12.967 39.8
STAR-649 b 1 6185 1.24 1.33 0.23 17.97979059 12.788 14.007 15.061 13.841 13.466 13.67 12.519 12.262 43.1
STAR-067 f 5 5904 1.291 1.82 0.025 41.02902 13.245 12.003 13.206 14.392 13.943 14.194 12.871 12.619 45.2
STAR-187 b 1 5210 0.85 0.8 -0.03 13.2217576 13.45 4.956 5.811 14.574 13.896 14.383 12.57 12.112 51.3
STAR-226 b 1 4828 0.78 0.73 0.01 6.01038429 12.828 28.04 31.159 15.032 14.166 14.889 12.587 12.106 33.1
STAR-147 b NA NA NA NA NA NA 12.551 6.712 7.668 14.546 13.935 14.32 12.746 12.426 21.9
STAR-499 b 2 5847 0.964 0.968 NA 4.431222 14.399 17.273 18.739 15.912 15.311 15.669 14.179 13.798 33.3
STAR-020 b 2 5360 0.855 0.758 NA 8.472382 14.457 28.04 31.159 15.945 15.271 15.78 14.006 13.554 56.5
STAR-265 b 2 5411 0.865 0.808 NA 2.633867 13.693 29.699 31.82 15.78 15.096 15.597 13.887 13.435 43.1
STAR-290 b 1 6035 1.06 1.02 -0.09 41.6979976 12.433 16.662 18.119 14.337 13.912 14.137 12.944 12.663 49.7
STAR-374 b 1 3519 0.33 0.33 -0.31 9.54927542 13.044 10.275 11.331 16.132 14.731 15.858 12 11.374 46.8
STAR-328 c 4 6228 1.16 1.42 -0.1 4.75793986 12.69 20.941 22.518 14.645 14.281 13.369 13.146 13.109 42.3
STAR-095 c 3 5797 0.97 0.876 NA 56.47542 13.394 20.941 22.518 14.782 14.242 14.641 13.055 12.689 52.9
STAR-326 b 1 4841 0.77 0.73 -0.04 20.50586978 12.157 29.699 31.82 16.241 15.343 16.042 13.842 13.25 40.6
STAR-614 b 1 5895 1.03 1.04 -0.01 11.36112327 13.117 28.04 31.159 15.026 14.581 14.866 13.538 13.243 38.6
STAR-315 b 1 5612 0.95 0.91 -0.01 7.65880414 14.306 28.04 31.159 15.062 14.483 14.843 13.326 12.92 38.9
STAR-569 b 1 5863 1.03 1.04 0.01 5.26341577 13.69 29.699 31.82 14.724 14.224 14.5 13.198 12.877 30.3
STAR-010 b 1 5770 0.99 1.16 0 8.09219642 13.437 16.662 18.119 12.522 11.821 10.128 11.731 0 45.8
STAR-293 b 1 5440 0.9 0.86 -0.01 21.81293494 12.642 3.229 5.17 16.187 15.492 15.942 14.204 13.775 38.6
STAR-271 b 1 5108 0.82 0.78 -0.03 11.3910025 12.331 2.505 3.3 16.474 15.611 16.326 14.121 13.627 48.7
STAR-608 b 2 5952 1.171 1.157 NA 3.341815 13.166 4.956 5.811 13.876 13.426 13.677 12.412 12.111 42.2
STAR-371 b 1 4751 0.75 0.71 -0.07 2.61703254 12.828 28.04 31.159 16.694 15.764 16.533 14.169 13.609 39.5
STAR-347 b 1 5777 0.99 0.98 -0.02 5.00731778 13.26 28.04 31.159 16.341 15.777 16.137 14.571 14.207 28
STAR-592 b 2 3631 0.49 0.46 -0.01 9.46781405 12.99 15.4 16.898 16.712 15.31 16.425 12.596 11.951 45
STAR-555 b 1 6155 1.15 1.22 0.03 12.91375431 14.212 28.04 31.159 15.037 14.614 14.847 13.59 13.291 39.7
STAR-348 b 3 5793 1.079 1.243 0.12 5.398763 13.833 27.357 29.423 10.41 9.926 10.213 8.974 8.662 37.4
STAR-153 b 1 5674 1 1.32 0.07 31.5922646 13.832 16.662 18.119 13.791 13.242 13.583 12.06 11.704 65.5
STAR-175 d 4 5602 1.082 0.904 NA 24.805787 12.836 29.699 31.632 15.632 15.164 15.448 14.08 13.717 46
STAR-236 b 1 5709 0.99 0.99 0.07 2.81650485 14.166 19.07 20.646 15.636 14.988 15.402 13.731 13.393 15.7
STAR-084 b 3 6171 NA 1.799 NA 5.374943 13.492 14.9 16.047 13.683 13.237 12.176 12.103 13.294 35.9
STAR-531 b 1 5773 0.99 0.99 0.02 85.35129427 13.132 30.225 31.82 15.599 15.02 15.423 13.846 13.499 65.6
STAR-605 b 1 5324 0.85 0.81 -0.09 124.4198398 13.497 29.699 31.82 16.322 15.699 16.142 14.464 14.039 65.5
STAR-397 c 3 5884 0.965 1.127 NA 27.508653 12.282 10.275 11.331 12.13 11.581 10.49 11.529 0 43.4
STAR-299 b 1 4671 0.7 0.67 -0.19 13.89961966 11.991 14.345 15.644 14.384 13.538 11.213 11.089 13.577 49.3
STAR-389 b 2 6112 1.1 1.09 -0.03 19.67416124 12.771 10.275 11.331 13.139 12.751 12.984 11.805 11.551 45.3
STAR-222 b 1 3722 0.53 0.51 0.07 56.0560538 12.591 19.677 21.265 17.455 16.093 17.217 13.445 12.778 79.6
STAR-137 b 2 4351 0.596 0.566 NA 11.008151 13.769 29.699 31.82 17.023 15.819 16.835 13.926 13.262 42.3
STAR-401 b 2 5948 1.09 1.208 NA 31.158799 12.38 12.003 13.206 14.25 13.796 14.083 12.739 12.471 40.5
STAR-239 b 3 4880 0.602 0.622 NA 13.98179 12.809 12.003 13.206 15.001 14.237 14.824 12.791 12.292 48.2
STAR-698 b 1 5970 1.07 1.09 0.03 3.12082923 13.366 6.712 7.669 15.217 14.749 15.015 13.724 13.403 17.6
STAR-545 c 2 5888 0.99 0.958 NA 11.637071 12.436 29.699 31.632 15.452 14.876 15.219 13.726 13.384 45
STAR-549 b 2 5404 0.82 0.892 NA 18.870227 13.331 15.4 16.898 14.864 14.232 14.642 12.945 12.483 39.7
STAR-458 d 4 6182 1.28 1.52 NA 22.342989 13.067 6.712 7.668 12.551 12.186 12.385 11.217 10.957 20
STAR-484 c 2 5626 0.916 0.815 NA 8.014927 13.629 29.699 31.82 15.512 14.921 15.289 13.682 13.349 42.1
STAR-063 b 1 6747 1.49 1.81 0.08 3.1739171 13.197 14.345 15.644 14.367 13.919 14.148 12.92 12.724 29
STAR-056 b 1 5322 0.91 0.84 0.11 30.99660733 12.821 14.007 15.061 13.97 13.266 13.761 11.993 11.567 47
STAR-516 b 5 NA NA 0.19137 NA 5.901263 13.807 14.007 15.061 17.251 15.913 17.072 13.615 12.9 48.4
STAR-651 b 1 5247 0.86 0.81 -0.02 12.49341307 12.041 4.956 5.811 14.183 13.504 13.954 12.237 11.784 34.2
STAR-376 b 1 4286 0.65 0.63 -0.09 12.3764661 13.42 29.699 31.632 16.073 14.853 15.915 12.99 12.368 50.6
STAR-027 c 4 5897 1.02 1.289 NA 12.33336 12.094 26.161 28.086 15.425 14.893 15.205 13.762 13.445 35.1
STAR-712 b 1 3931 0.55 0.53 -0.19 27.52197994 12.62 10.275 11.331 16.484 15.193 16.318 12.912 12.236 54.2
STAR-671 b 1 4653 0.76 0.71 0.05 0.63133235 13.764 15.4 16.898 15.235 14.274 15.074 12.554 12.01 34.7
STAR-324 c 2 NA NA NA NA 17.9801235 13.252 22.528 24.3 14.669 14.259 14.488 13.253 12.974 46.4
STAR-359 b 1 3804 0.46 0.44 -0.43 7.09714223 12.799 28.04 31.159 17.065 15.731 16.838 13.441 12.871 60.4
STAR-601 b 1 5958 1.07 1.09 0.04 3.2432598 14.255 6.712 7.669 15.394 14.876 15.168 13.782 13.478 17.7
STAR-082 d 5 5299 0.834 0.826 NA 7.055679 13.051 24.269 26.1 16.626 15.89 16.369 14.537 14.076 37
STAR-165 b 1 5418 0.9 0.86 0.01 20.83424726 13.434 28.04 31.159 16.027 15.337 15.81 14.141 13.726 50.9
STAR-588 b 1 4984 0.78 0.73 -0.14 25.69578251 12.473 2.505 3.3 15.59 14.84 15.446 13.438 12.951 64.1
STAR-574 b 2 5329 0.843 0.775 NA 8.307872 13.521 29.699 31.82 15.434 14.75 15.242 13.531 13.054 48.5
STAR-141 b 1 6163 1.18 1.27 0.07 20.5533844 14.452 28.04 31.159 15.215 14.767 15.032 13.727 13.474 44.8
STAR-579 b 2 NA NA NA NA 7.81254 13.863 13.164 14.391 10.675 10.36 10.52 9.518 9.25 38.9
STAR-017 c 3 4605 0.709 0.667 NA 8.041348 13.876 14.345 15.644 14.679 13.66 14.55 12.035 11.468 46.6
STAR-491 b 1 5217 0.86 0.81 0.03 3.60147201 13.1 29.699 31.82 16.392 15.672 16.196 14.384 14.016 39
STAR-718 e 4 5851 1.183 1.411 0.27 14.749049 14.01 7.32 8.265 12.904 12.427 12.705 11.391 11.114 41.8
STAR-032 b 1 5946 1.02 1.08 -0.1 172.7049784 13.141 12.003 13.206 12.598 12.17 12.405 11.166 10.859 58.1
STAR-019 b 2 4914 0.757 0.763 NA 11.763051 12.685 20.941 22.518 15.964 15.137 15.852 13.702 13.214 58.2
STAR-547 b 2 6089 NA 1.264 NA 17.232366 13.181 10.275 11.331 14.458 14.013 14.262 12.981 12.724 40.8
STAR-267 b 3 6085 1.065 0.958 NA 18.649113 12.447 15.4 16.898 15.867 15.354 15.683 14.252 13.906 43.3
STAR-208 b 1 5579 0.94 0.91 0 19.80792185 13.654 2.505 3.3 16.16 15.599 15.981 14.423 14.086 54.9
STAR-117 c 4 4632 0.717 0.666 NA 9.034199 13.511 13.164 14.391 13.823 13.125 10.672 10.55 13.177 48.1
STAR-169 c 2 5736 1.02 1.425 NA 31.517586 14.041 10.275 11.331 13.328 12.789 13.132 11.679 11.398 58.8
STAR-494 b 1 4848 0.78 0.73 -0.02 1.21956827 13.994 2.505 3.3 15.961 15.059 15.836 13.538 12.996 38.4
STAR-162 b 1 6310 1.23 1.29 0.09 9.94067247 13.043 4.956 5.811 12.937 12.615 12.799 11.734 11.516 33.8
STAR-169 b 2 5736 1.02 1.425 NA 8.129976 14.041 10.275 11.331 13.328 12.789 13.132 11.679 11.398 52.5
STAR-612 c 2 5776 0.96 0.917 NA 21.347262 13.71 29.699 31.82 14.921 14.35 14.704 13.194 12.849 49.8
STAR-049 b 1 3820 0.59 0.55 0.08 2.455239 12.666 14.9 16.047 17.414 16.106 17.356 13.749 13.076 20.1
STAR-600 b 2 5857 0.993 0.884 NA 4.309427 12.669 19.07 20.646 15.113 14.587 14.914 13.46 13.101 38.8
STAR-699 b 2 6090 1.14 1.275 NA 6.00253 12.17 10.275 11.331 13.066 12.673 12.867 11.721 11.507 38.5
STAR-476 b 1 5894 1.15 1.14 0.34 5.45849832 13.921 10.275 11.331 13.508 12.998 13.333 11.91 11.569 49.3
STAR-256 b 1 5837 1.03 1.09 0.04 14.00640607 13.25 4.956 5.811 14.33 13.775 14.106 12.673 12.358 40.5
STAR-330 c 2 5147 0.798 0.743 NA 36.77031 12.569 28.04 31.159 16.302 15.511 16.125 14.054 13.583 57.3
STAR-011 b 3 5309 0.82 0.79 NA 33.601528 12.705 12.003 13.206 15.921 15.203 15.717 13.814 13.435 37.7
STAR-542 b 2 4096 0.654 0.534 NA 6.312501 12.106 10.275 11.331 15.714 14.665 15.574 13.019 12.417 48
STAR-183 b 1 5539 0.99 1.11 0.18 1.54168 11.759 10.275 11.331 13.424 12.843 13.176 11.672 11.316 24.6
STAR-655 d 3 5208 0.808 0.786 NA 18.119869 13.203 12.003 13.206 16.239 15.471 16.053 14.054 13.631 49.4
STAR-350 d NA NA NA NA NA NA 11.898 12.003 13.206 16.048 15.349 15.832 13.996 13.618 48.8
STAR-088 b 3 6018 1.04 0.88 NA 45.154 14.248 20.941 22.518 15.14 14.628 14.93 13.561 13.218 36.4
STAR-591 b 1 5860 1.04 1.04 0.06 41.805985 12.557 2.505 3.3 15.008 14.472 14.881 13.326 13.009 51.5
STAR-232 b 3 5788 0.97 0.873 NA 10.687576 12.928 12.003 13.206 14.831 14.279 14.625 13.099 12.752 38.3
STAR-074 c 3 6106 1.269 1.359 NA 29.393195 13.066 7.872 8.844 11.779 11.422 11.625 10.535 10.3 48.7
STAR-170 d 4 4486 0.634 0.571 NA 3.543919 13.145 10.275 11.331 16.84 15.434 16.576 13.407 12.746 49.4
STAR-173 b 2 5789 1.04 0.96 0.1 7.75192492 12.401 14.007 15.061 13.746 13.249 13.515 12.202 11.938 32.6
STAR-138 d 3 5100 0.773 0.768 NA 20.477912 12.742 21.998 23.641 15.794 14.99 15.651 13.596 13.178 54.9
STAR-490 c 2 5952 1.04 1.32 -0.08 21.2227 12.399 20.269 21.967 12.735 12.3 12.526 11.314 11.045 40.9
STAR-481 b 1 5611 0.94 0.91 -0.04 4.34728553 12.869 28.04 31.159 15.542 14.977 15.33 13.805 13.397 46.1
STAR-672 b 2 6067 1.17 1.461 NA 11.476094 12.661 16.107 17.482 14.232 13.841 14.048 12.938 12.614 37.8
STAR-413 c 2 5190 NA 0.831 NA 16.239494 13.07 12.003 13.206 15.919 15.187 15.704 13.91 13.442 40.4
STAR-219 b 1 5857 1.01 1.02 -0.01 21.3587621 14.277 2.505 3.3 15.701 15.199 15.511 14.071 13.707 45.7
STAR-488 b 2 5020 0.72 0.85 NA 8.20395 12.434 28.04 31.159 16.162 15.297 15.984 13.82 13.316 39
STAR-023 b 1 6457 1.36 1.54 0.11 3.00387658 12.482 6.712 7.668 15.446 14.95 15.243 13.955 13.695 19.8
STAR-510 b 1 5468 0.92 0.84 -0.04 0.97486893 12.682 15.4 16.898 14.044 13.446 13.863 12.212 11.823 42.5
STAR-399 b 5 5751 0.97 1.43 NA 2.090876 12.315 19.07 20.646 15.6 15.003 15.361 13.894 13.544 38.9
STAR-207 b 1 6125 1.15 1.22 0.05 4.28686431 13.004 10.275 11.331 15.4 14.935 15.187 13.913 13.628 31.9
STAR-036 b 1 5803 1.03 1.04 0.1 4.59725385 13.968 29.699 31.82 16.314 15.748 16.09 14.534 14.237 39.3
STAR-276 b 1 5906 1.03 1.05 0.01 8.73485836 11.88 28.04 31.159 15.273 14.725 15.038 13.585 13.243 40.9
STAR-287 b 1 3556 0.34 0.33 -0.39 18.47764449 13.717 24.269 26.1 16.364 14.915 16.023 12.275 11.67 53.7
STAR-113 c 3 NA NA 0.1257 NA 5.8599408 12.441 4.956 5.811 11.336 10.955 11.121 10.066 9.852 29.1
STAR-441 b 1 5327 0.91 0.87 0.15 41.43962808 14.056 2.505 3.3 16.068 15.32 15.815 13.948 13.596 39.1
STAR-378 b 2 3682 NA 0.48 NA 6.738975 13.635 29.699 31.82 17.153 15.934 16.993 14.032 13.34 46.4
STAR-112 g 6 5663 0.961 1.053 NA 118.3807 13.056 23.73 25.461 14.178 13.653 13.957 12.548 12.237 59.1
STAR-577 b 1 6166 1.41 2.06 0.07 5.08005848 12.343 12.003 13.206 13.688 13.183 13.47 12.079 11.814 35.3
STAR-051 b 1 4897 0.79 0.74 -0.03 21.67697486 13.625 29.699 31.82 16.172 15.343 15.95 13.81 13.298 53.7
STAR-455 b 1 5808 1.01 1.01 0.03 24.54350418 13.561 29.699 31.632 15.819 15.285 15.623 14.134 13.811 49.9
STAR-108 b 1 6096 1.64 2.56 0.38 23.20584623 12.694 14.345 15.644 13.685 13.342 13.531 12.458 12.227 38.8
STAR-502 b 1 4128 0.59 0.57 -0.24 2.61302086 13.643 2.505 3.3 17.131 15.805 16.883 13.804 13.194 44.7
STAR-732 b 1 5346 0.86 0.83 -0.07 3.41303622 11.958 29.699 31.632 15.223 14.571 15.015 13.314 12.858 29.5
STAR-529 b 1 5723 0.98 0.96 -0.01 15.77979614 12.998 29.699 31.82 15.062 14.553 14.854 13.483 13.14 47.3
STAR-099 d 3 5554 0.91 0.803 NA 20.050401 12.549 21.459 23.08 16.18 15.548 15.969 14.305 13.852 54.2
STAR-333 b 3 5433 0.857 0.869 NA 3.936981 13.342 12.003 13.206 15.689 14.988 15.485 13.717 13.34 35.3
STAR-548 b 1 5769 1.01 1.02 0.05 0.67737516 12.62 16.662 18.119 13.765 13.294 13.571 12.214 11.891 36
STAR-696 b 1 6159 1.16 1.23 0.05 8.39846269 12.1 2.505 3.3 15.712 15.254 15.498 14.192 13.9 41.2
STAR-544 b 2 NA 1.26 1.45 NA 49.18351 13.541 11.413 12.586 13.127 12.528 12.903 11.429 11.064 46.8
STAR-098 d 3 5413 0.879 0.742 NA 1.55400393 13.911 12.003 13.206 15.296 14.654 15.103 13.346 12.941 36.5
STAR-223 b 1 5887 1.06 1.07 0.09 53.44945593 12.45 2.505 3.3 15.794 15.222 15.593 14.179 13.839 59.8
STAR-509 c 3 5777 1.07 1.02 0.12 39.03106 11.825 12.003 13.206 14.247 13.731 14.043 12.71 12.391 41.4
STAR-087 c 2 6282 1.12 1.107 NA 13.193242 12.588 2.505 3.3 15.031 14.561 14.822 13.49 13.256 39.6
STAR-251 b 2 5311 0.859 0.701 NA 3.177422 12.065 10.275 11.331 15.317 14.646 15.111 13.32 12.885 35
STAR-098 c 3 5413 0.879 0.742 NA 34.260281 13.911 12.003 13.206 15.296 14.654 15.103 13.346 12.941 51.9
STAR-304 b 1 5734 0.99 0.98 0.04 55.63934 13.574 29.699 31.82 15.223 14.676 15.01 13.557 13.237 57.6
STAR-200 b 2 6150 1.04 1.04 -0.12 38.871826 13.45 24.269 26.1 14.628 14.158 14.423 13.121 12.785 44.1
STAR-384 b NA NA NA NA NA NA 12.966 12.003 13.206 14.013 13.61 13.83 12.592 12.345 22.9
STAR-303 b NA NA NA NA NA NA 13.893 29.699 31.82 14.968 14.541 14.772 13.535 13.294 26.4
STAR-066 b 1 5678 0.96 0.95 -0.03 15.59461874 13.293 28.04 31.159 15.982 15.387 15.741 14.205 13.829 41.8
STAR-442 b 1 5520 0.95 0.99 0.2 3.5787087 13.003 4.956 5.811 14.449 13.871 14.234 12.757 12.444 19.6
STAR-713 e 5 4903 0.8 0.74 0.08 16.1457 13.112 3.816 4.606 12.289 11.428 12.108 9.983 9.445 27.2
STAR-616 b 1 4554 0.7 0.66 -0.13 13.32388301 13.011 28.04 31.159 16.95 15.864 16.837 14.166 13.601 52.5
STAR-349 b 2 5976 1.03 1.08 -0.08 3.77360059 12.527 2.505 3.3 14.612 14.178 14.428 13.069 12.726 37.4
STAR-150 b 1 5850 1.04 1.01 0.05 3.74910006 12.078 15.4 16.898 13.752 13.263 13.538 12.215 11.907 40.3
STAR-587 b 5 3740 0.498 0.48 -0.08 10.864384 13.697 15.4 16.898 17.617 16.09 17.287 13.391 12.807 42.6
STAR-174 b 1 5965 1.04 1.06 -0.04 117.93108781 13.588 29.699 31.82 15.502 15.083 15.29 14.079 13.765 37.6
STAR-377 b 3 5920 1.04 1.588 NA 1.611865 12.677 14.345 15.644 13.594 13.129 13.388 12.099 11.84 38.3
STAR-677 b 2 5228 0.789 0.842 NA 5.715442 12.396 28.04 31.159 15.785 14.997 15.6 13.621 13.191 41.4
STAR-028 c 3 5786 1.171 1.491 NA 22.714613 13.352 14.9 16.047 14.174 13.692 13.973 12.678 12.4 50.9
STAR-560 b 1 5693 0.98 0.96 0.04 3.72215641 13.319 28.04 31.159 15.456 14.864 15.246 13.663 13.314 38.2
STAR-387 b 1 6000 1.18 1.12 0.42 7.340711 12.725 6.712 7.668 14.876 14.35 14.665 13.305 13.007 26.5
STAR-277 b 1 6007 1.1 1.26 0.02 8.02511821 13.026 2.505 3.3 14.685 14.109 14.492 12.898 12.539 36
STAR-618 e 5 NA NA NA NA 6.098493 12.579 4.956 5.811 12.997 12.423 12.814 11.252 10.91 46.6
STAR-503 b NA NA NA NA NA NA 12.947 6.712 7.668 14.953 14.413 14.745 13.201 12.948 21.3
STAR-731 b 3 6165 1.198 1.383 NA 10.300682 12.247 20.941 22.518 15.679 15.231 15.493 14.276 14.026 45.8
STAR-128 c 2 5513 0.931 0.935 NA 41.749882 12.815 12.003 13.206 14.536 13.944 14.291 12.797 12.432 37.6
STAR-344 b NA NA NA NA NA NA 13.175 4.956 5.811 14.352 13.885 14.146 12.858 12.605 19.8
STAR-520 b 1 5664 0.97 0.95 0.02 40.4287755 14.08 28.04 31.159 15.479 14.934 15.289 13.74 13.398 55.5
STAR-215 b 1 5761 1.01 1.01 0.06 2.4370333 13.011 28.04 31.159 15.047 14.518 14.836 13.438 13.148 37.2
STAR-709 b 1 5672 0.99 0.97 0.09 29.91136794 12.44 2.505 3.3 15.062 14.359 14.823 13.079 12.718 39.9
STAR-115 c NA NA NA NA NA NA 14.068 10.275 11.331 13.879 13.276 13.656 12.086 11.75 32.7
STAR-700 d 3 4648 0.664 0.594 NA 5.169796 12.534 12.003 13.206 17.074 15.764 16.922 13.737 13.079 43.9
STAR-354 b 1 5455 0.89 0.85 -0.07 8.50699658 14.03 29.699 31.82 15.676 15.088 15.429 13.875 13.477 38.8
STAR-099 c 3 5554 0.91 0.803 NA 9.767292 12.549 21.459 23.08 16.18 15.548 15.969 14.305 13.852 47.3
STAR-302 b 1 6106 1.28 1.44 0.36 5.65179605 13.821 29.699 31.82 12.51 12.127 12.32 11.201 10.906 36.3
STAR-608 c 2 5952 1.171 1.157 NA 224.784608 13.166 4.956 5.811 13.876 13.426 13.677 12.412 12.111 57.8
STAR-479 b 1 6570 1.4 1.66 0.06 4.41745855 12.966 14.345 15.644 13.651 13.298 13.473 12.362 12.151 35.3
STAR-681 b 1 5726 1 1.01 0.07 6.49168426 13.007 28.04 31.159 16.129 15.582 15.89 14.471 14.182 21.2
STAR-203 b 1 5899 1.02 1.15 -0.05 8.50340718 12.737 12.003 13.206 14.131 13.69 13.916 12.436 12.101 33.3
STAR-397 b 3 5884 0.965 1.127 NA 8.457458 12.282 10.275 11.331 12.13 11.581 10.49 11.529 0 47.8
STAR-639 b 2 5696 0.976 1.195 NA 2.46236 13.115 14.345 15.644 14.093 13.577 13.899 12.477 12.169 44.9
STAR-351 b 3 NA 1.346 1.57 NA 28.454851 14.365 28.355 30.499 11.967 11.628 11.812 10.708 10.471 32.8
STAR-450 b 1 5715 0.98 0.96 0.02 3.89593684 12.506 2.505 3.3 16.318 15.676 16.141 14.364 13.968 25.6
STAR-191 b 3 6239 1.11 1.358 NA 10.495711 12.968 20.941 22.518 10.904 10.514 9.344 10.5 0 46.2
STAR-331 c 3 5571 0.912 0.802 NA 5.349555 13.712 20.941 22.518 15.988 15.363 15.78 14.114 13.724 41.2
STAR-730 d 3 3568 0.506 0.482 NA 15.368459 13.313 15.4 16.898 16.847 15.445 16.567 12.836 12.15 64.5
STAR-622 e 5 4997 0.918 0.763 NA 13.767102 12.259 26.161 28.086 14.929 14.123 14.723 12.728 12.282 38.1
STAR-017 d 3 4605 0.709 0.667 NA 11.776134 13.876 14.345 15.644 14.679 13.66 14.55 12.035 11.468 45.8
STAR-235 d 5 NA NA NA NA 18.16406 12.864 12.003 13.206 14.417 13.654 14.26 12.256 11.739 53.7
STAR-666 c 4 5526 0.96 0.89 NA 16.514043 13.356 12.003 13.206 15.783 15.187 15.536 13.96 13.596 36.3
STAR-070 b 3 5687 1.028 1.066 0.27 10.57375339 11.904 6.712 7.668 11.912 11.39 11.723 10.356 10.021 55.6
STAR-564 c 2 5979 1.04 1.205 NA 8.990889 13.6 4.956 5.811 13.87 13.384 13.649 12.314 12.028 33.3
STAR-059 b 4 5580 1.03 0.863 NA 1.796302 13.695 15.4 16.898 16.082 15.533 15.878 14.387 14.057 33.1
STAR-284 b 2 5588 0.918 0.817 NA 32.625555 13.506 26.161 28.086 15.64 15.04 15.423 13.823 13.369 45.9
STAR-339 b 1 5403 0.87 0.84 -0.09 12.39358604 14.322 29.699 31.82 16.079 15.474 15.889 14.195 13.782 47.7
STAR-357 b NA NA NA NA NA NA 13.829 6.712 7.669 15.329 14.779 15.097 13.624 13.23 17.4
STAR-516 e 5 NA NA 0.19137 NA 2.896027 13.807 14.007 15.061 17.251 15.913 17.072 13.615 12.9 52.6
STAR-688 b 1 5200 0.91 0.89 0.3 8.8849116 11.863 17.273 18.739 15.998 15.207 15.742 13.664 13.262 22.2
STAR-205 b 3 5873 1.18 1.16 NA 5.4122 13.232 30.225 31.82 13.111 12.732 13.017 11.81 11.554 28.8
STAR-163 b 1 5631 0.94 0.96 -0.02 29.6193421 12.162 15.4 16.898 13.801 13.278 13.579 12.143 11.766 48.2
STAR-621 b 6 4540 0.73 0.678 0.04 7.05246 12.701 15.4 16.898 15.859 14.723 15.674 12.954 12.353 43.1
STAR-199 b 1 5066 0.8 0.77 -0.08 22.18432708 13.463 29.699 31.82 15.47 14.701 15.266 13.358 12.83 43.9
STAR-013 b 1 5772 1 1 0.03 40.6069821 2.59 0.276 0.286 14.244 14.911 12.932 14.56 0 63.1
STAR-615 c 2 5302 0.842 0.759 NA 6.40013 14.035 14.007 15.061 15.241 14.556 15.051 13.278 12.872 43.5
STAR-731 c 3 6165 1.198 1.383 NA 16.088134 12.247 20.941 22.518 15.679 15.231 15.493 14.276 14.026 44.4
STAR-466 c 2 5544 0.946 0.841 NA 28.574263 13.245 20.269 21.967 14.282 13.739 14.064 12.583 12.226 39.2
STAR-267 d 3 6085 1.065 0.958 NA 9.751962 12.447 15.4 16.898 15.867 15.354 15.683 14.252 13.906 41.5
STAR-341 c 2 5148 0.84 0.78 -0.03 226.89047 13.077 12.003 13.206 16.548 15.793 16.37 14.398 13.981 60.7
STAR-470 b 1 5557 0.92 0.89 -0.06 7.33683936 13.871 29.699 31.82 15.839 15.252 15.623 14.105 13.696 43.6
STAR-332 b 1 6761 1.45 1.71 0.02 10.11716531 13.595 16.662 18.119 14.013 13.772 13.874 13.006 12.755 33.9
STAR-584 c 3 6043 1.04 1.014 NA 4.134444 13.972 14.007 15.061 16.234 15.677 16 14.528 14.112 33.7
STAR-212 b 1 5692 0.97 0.96 0.01 3.16789194 12.901 28.04 31.159 16.067 15.477 15.829 14.32 13.958 33
STAR-090 c 2 NA NA NA NA 16.23855 13.874 17.863 19.385 12.629 11.95 10.788 11.866 0 43.8
STAR-082 f 5 5299 0.834 0.826 NA 20.834237 13.051 24.269 26.1 16.626 15.89 16.369 14.537 14.076 43.9
STAR-505 d 3 5957 1.021 0.91 NA 18.746477 13.17 15.4 16.898 16.344 15.806 16.146 14.675 14.268 46.5
STAR-029 b 1 5829 1.02 1.04 0.03 161.4743937 12.526 15.4 16.898 14.357 13.834 14.133 12.685 12.375 44.2
STAR-363 b 1 5020 0.81 0.77 -0.02 20.38177573 12.669 28.04 31.159 16.619 15.845 16.448 14.423 13.945 53.1
STAR-404 b 1 5293 0.86 0.82 -0.03 8.30864937 12.622 10.275 11.331 15.453 14.764 15.278 13.441 13.022 51.7
STAR-539 b 1 4836 0.78 0.73 -0.01 6.9913086 13.777 29.699 31.82 15.812 14.868 15.691 13.375 12.835 48.4
STAR-235 b 5 NA NA NA NA 5.714932 12.864 12.003 13.206 14.417 13.654 14.26 12.256 11.739 47.6
STAR-624 b NA NA NA NA NA NA 12.441 6.712 7.668 15.416 14.65 15.228 13.375 12.93 24.1
STAR-244 b 1 6160 1.16 1.25 0.05 3.02166863 12.326 2.505 3.3 14.819 14.378 14.649 13.368 13.093 40.3
STAR-552 b 2 5669 0.911 0.919 -0.18 4.72673978 12.206 4.407 5.17 10.38 9.862 10.18 8.771 8.445 39.9
STAR-305 b 1 3715 0.53 0.5 0.04 8.114379 12.268 2.505 3.3 17.474 16.091 17.214 13.404 12.723 41
STAR-576 c 2 6091 1.129 1.26 NA 17.406669 13.506 14.345 15.644 14.372 13.948 14.178 12.955 12.695 43.8
STAR-177 b 1 5475 0.93 1.09 0.09 6.40087618 12.042 16.662 18.119 13.632 12.95 13.419 11.605 11.183 50.5
STAR-606 b 2 5779 0.94 0.98 -0.2 2.58664 13.603 17.863 19.385 13.296 12.834 13.091 11.743 11.407 32.6
STAR-034 b 3 5120 0.794 0.728 NA 6.252972 13.539 12.003 13.206 16.559 15.77 16.375 14.362 13.868 42.4
STAR-725 b 1 3813 0.51 0.48 -0.24 28.59915399 13.454 19.07 20.646 16.649 15.261 16.42 12.91 12.292 63.2
STAR-370 c 4 5232 NA 0.891 NA 12.759712 13.204 15.4 16.898 15.237 14.472 15.035 13.096 12.685 40.1
STAR-093 c 3 5643 0.91 1.065 -0.15 45.294301 13.798 29.699 31.82 11.388 10.92 11.191 9.888 9.563 54.3
STAR-691 b 1 4315 0.65 0.61 -0.16 2.80624233 14.143 28.04 31.159 17.156 15.934 17.001 14.092 13.452 45.2
STAR-312 b 1 5382 0.88 0.93 0.04 6.07972888 12.318 12.003 13.206 14.115 13.488 13.883 12.18 11.765 35.9
STAR-221 g 8 6080 1.2 1.2 -0.12 210.60697 13.589 22.528 24.3 14.139 13.741 13.971 12.789 12.531 54.1
STAR-297 b 3 5381 0.909 0.953 NA 29.198943 11.838 26.161 28.086 14.635 13.941 14.403 12.694 12.273 32.3
STAR-211 b 3 5479 0.905 1.007 NA 9.926746 13.121 12.003 13.206 14.663 14.064 14.461 12.891 12.512 50
STAR-628 b 2 5211 0.79 0.77 NA 8.180848 13.186 12.003 13.206 15.455 14.749 15.246 13.429 12.926 41.4
STAR-626 b 2 5646 0.96 0.94 0.02 58.3620495 13.347 17.273 18.739 14.94 14.276 14.711 13.06 12.689 40
STAR-343 b 1 5700 0.97 0.95 0 6.36584161 12.464 2.505 3.3 15.594 15.032 15.38 13.881 13.522 44.9
STAR-345 b 1 5612 0.94 0.91 -0.03 16.32976218 12.455 2.505 3.3 15.988 15.407 15.754 14.255 13.869 37
STAR-057 b 1 NA NA NA NA 290 13.559 12.591 13.805 12.098 11.627 11.919 10.522 10.211 76.2
STAR-170 b 4 4486 0.634 0.571 NA 12.282972 13.145 10.275 11.331 16.84 15.434 16.576 13.407 12.746 46.2
STAR-422 c 2 5235 0.824 0.75 NA 20.134866 12.893 28.04 29.546 15.515 14.79 15.328 13.407 12.941 51.6
STAR-016 b 4 6189 1.18 1.403 NA 13.484686 13.642 4.956 5.811 14.273 13.879 14.084 12.913 12.653 40.2
STAR-264 b 2 4668 0.683 0.667 NA 4.069427 12.173 12.003 13.206 14.701 13.801 14.584 12.255 11.733 44.5
STAR-407 b 1 5972 1.15 1.24 0.23 7.8914483 13.005 3.229 4.006 13.832 13.376 13.637 12.356 12.125 22.1
STAR-693 b 1 5268 0.85 0.81 -0.07 14.03491514 13.793 29.699 31.82 15.237 14.526 14.997 13.195 12.72 40.4
STAR-645 b 1 5394 0.87 0.84 -0.06 41.40831347 12.739 28.04 31.159 15.775 15.154 15.567 13.804 13.413 31.7
STAR-561 b 1 5334 0.87 0.83 -0.03 1.6168837 12.19 14.9 16.047 15.056 14.349 14.827 13.086 12.653 29.7
STAR-210 b 3 5676 0.89 1.066 NA 9.576694 13.297 15.4 16.898 15.143 14.548 14.916 13.279 12.967 35.2
STAR-609 b 1 5447 0.93 0.92 0.14 1.90220856 14.466 28.04 31.159 14.895 14.237 14.713 13.042 12.653 34.3
STAR-043 c 3 5828 1.19 1.548 NA 10.742371 14.059 4.956 5.811 13.89 13.43 13.647 12.352 12.047 29.2
STAR-721 c 3 5297 0.79 0.929 NA 6.057342 14.036 20.941 22.518 15.348 14.622 15.126 13.159 12.833 37.7
STAR-463 b 1 5961 1.06 1.09 0 4.44448017 13.349 28.04 31.159 15.62 15.159 15.421 14.119 13.839 43.4
STAR-399 c 5 5751 0.97 1.43 NA 6.155557 12.315 19.07 20.646 15.6 15.003 15.361 13.894 13.544 44.5
STAR-474 b 1 5971 1.09 1.14 0.06 6.52121067 13.199 28.04 31.159 15.337 14.791 15.142 13.65 13.352 48
STAR-375 b 2 5817 1.01 1.05 0 14.37457351 13.276 16.107 17.482 14.201 13.695 13.999 12.631 12.3 59.1
STAR-530 b 2 4699 0.671 0.668 NA 12.718092 12.668 2.505 3.3 16.296 15.349 16.203 13.608 13.064 45.9
STAR-121 b 1 6112 1.19 1.65 -0.06 30.8638931 13.31 15.4 16.898 12.891 12.507 12.738 11.547 11.294 44
STAR-512 b 3 6363 1.31 1.746 NA 12.309681 12.539 16.662 18.119 13.869 13.589 13.729 12.724 12.509 37.8
STAR-042 b 1 5835 1.01 1 0 4.22162536 13.306 29.699 31.82 15.125 14.648 14.957 13.58 13.276 35.2
STAR-018 b 3 4263 0.577 0.556 NA 7.877407 13.796 12.003 13.206 16.328 15.068 16.131 13.153 12.506 46.8
STAR-453 b 1 5281 0.86 0.82 -0.04 1.26025909 13.434 29.699 31.82 15.969 15.255 15.741 14.054 13.615 29.4
STAR-382 b 1 5260 0.89 0.8 0.01 24.3078946 13.121 10.275 11.331 13.254 12.551 13.03 11.257 10.792 38.4
STAR-468 b 2 5476 1 1.01 0.33 0.66931 13.706 15.4 16.898 13.046 12.442 12.828 11.332 10.983 32.5
STAR-122 b 1 4298 0.67 0.64 -0.06 8.22241966 12.07 2.505 3.3 16.188 14.947 16.021 13.089 12.441 47.1
STAR-621 d 6 4540 0.73 0.678 0.04 3.07222 12.701 15.4 16.898 15.859 14.723 15.674 12.954 12.353 44.3
STAR-151 b 1 5107 0.85 0.8 0.07 11.51516988 13.068 29.699 31.82 16.099 15.302 15.929 13.939 13.496 46.8
STAR-076 b 1 5009 0.79 0.75 -0.11 17.31716585 13.532 28.04 31.159 16.575 15.738 16.311 14.169 13.628 50
STAR-369 b 2 6186 1.19 1.28 0.06 7.42608998 12.237 2.505 3.3 15.242 14.762 15.048 13.683 13.394 48.1
STAR-001 b 2 5250 0.9 0.862 NA 8.187399 12.135 20.941 22.518 14.675 14.07 14.512 12.9 12.539 54
STAR-515 b NA NA NA NA NA NA 14.389 9.611 10.763 13.276 12.969 13.114 12.087 11.898 25.7
STAR-230 b 1 5293 0.9 0.83 0.08 19.96371318 14.301 10.275 11.331 13.553 12.67 10.946 10.885 12.713 49.9
STAR-058 b 3 5180 0.74 1.037 NA 2.382667 13.692 14.007 15.061 16.26 15.398 16.042 13.916 13.448 28.7
STAR-370 b 4 5232 NA 0.891 NA 5.433074 13.204 15.4 16.898 15.237 14.472 15.035 13.096 12.685 39.1
STAR-065 b 2 4625 0.628 0.663 NA 10.139623 12.897 13.164 14.391 15.933 14.848 15.754 13.103 12.529 49
STAR-263 b 1 6350 1.3 1.55 0.07 7.16892463 13.536 15.4 16.898 12.578 12.251 12.414 11.406 11.17 43.1
STAR-593 b 1 5296 0.88 0.83 0.01 16.54964934 13.174 29.699 31.82 15.303 14.615 15.082 13.323 12.913 43.6
STAR-643 b 1 4248 0.65 0.62 -0.09 0.9283105 12.208 15.4 16.898 17.024 15.839 16.907 13.936 13.305 39.9
STAR-705 b 1 4339 0.64 0.62 -0.18 18.7546998 13.25 28.04 31.159 16.599 15.425 16.413 13.628 13.006 56.6
STAR-613 b 3 5815 0.97 0.9 NA 2.508553 13.559 2.505 3.3 14.759 14.229 14.553 13.146 12.823 38.3
STAR-464 b 2 5816 0.953 0.958 NA 6.919798 13.341 28.04 31.159 14.763 14.211 14.545 13.041 12.708 44.6
STAR-110 b 1 5890 1.08 1.11 0.13 3.68992629 14.116 29.699 31.82 15.735 15.177 15.552 14.012 13.72 39
STAR-053 b 1 5315 0.85 0.82 -0.09 14.13176026 12.925 28.04 31.159 16.338 15.714 16.12 14.445 14.041 43.3
STAR-460 b 1 5387 0.87 0.84 -0.06 17.44490636 13.249 28.04 31.159 15.612 14.941 15.37 13.666 13.253 40.9
STAR-195 b 1 6187 1.21 1.35 0.11 18.11472949 13.839 15.4 16.898 13.137 12.767 12.964 11.833 11.632 40.5
STAR-498 c NA NA NA NA NA NA 13.723 6.712 7.669 14.398 13.915 14.211 12.823 12.545 38.8
STAR-064 b 1 4346 0.68 0.65 -0.03 5.74772501 12.116 28.04 31.159 15.657 14.46 15.539 12.608 11.965 48.8
STAR-292 c 2 6150 1.129 1.606 -0.04 50.790391 13.564 6.712 7.669 14.607 14.213 14.426 13.323 12.987 33.9
STAR-081 b 2 5854 0.92 1.091 NA 9.488015 13.732 29.699 31.82 15.89 15.27 15.636 14.082 13.75 37
STAR-598 c 4 5551 1 1.301 NA 3.38802 13.439 20.941 22.518 15.569 14.992 15.345 13.823 13.496 39
STAR-205 c 3 5873 1.18 1.16 NA 7.125939 13.232 30.225 31.82 13.111 12.732 13.017 11.81 11.554 35.1
STAR-047 b 1 5515 0.93 0.86 -0.03 5.83598311 12.927 10.275 11.331 12.992 12.412 12.773 11.282 10.907 32.9
STAR-658 b 2 4508 0.635 0.62 NA 5.931194 14.055 28.355 30.499 15.231 14.163 15.078 12.532 11.887 45.1
STAR-586 b 1 6058 1.22 1.31 0.29 37.8144514 13.224 16.662 18.119 13.989 13.55 13.785 12.554 12.31 49.5
STAR-697 b 2 5667 1.17 1.56 NA 3.4876812 13.379 6.712 7.669 14.406 13.72 12.112 12.011 13.77 30.9
STAR-115 b NA NA NA NA NA NA 14.068 10.275 11.331 13.879 13.276 13.656 12.086 11.75 35.2
STAR-576 b 2 6091 1.129 1.26 NA 7.693641 13.506 14.345 15.644 14.372 13.948 14.178 12.955 12.695 40.8
STAR-181 b 2 6002 1.01 1.016 NA 3.546511 12.606 28.04 29.546 16.435 15.855 16.212 14.688 14.336 38
STAR-432 b 2 4321 0.592 0.546 NA 2.75564 12.377 12.003 13.206 14.649 13.469 14.518 11.608 10.961 40.6
STAR-627 d 4 5560 0.97 0.939 NA 12.56093 12.314 12.003 13.206 15.497 14.934 15.27 13.817 13.422 38.8
STAR-668 b 1 5763 1.07 0.99 0.23 3.24755522 14.146 14.9 16.047 13.532 13.049 13.363 12.006 11.705 41.5
STAR-409 c 2 5595 0.918 0.839 NA 4.125103 13.097 28.04 31.159 14.761 14.164 14.563 12.996 12.635 47.3
STAR-234 c 2 6335 1.139 1.147 NA 50.697494 13.73 29.699 31.82 15.013 14.568 14.816 13.538 13.242 54
STAR-559 b 1 5715 1 0.94 0.05 5.69919514 14.05 15.4 16.898 13.476 13.018 13.295 11.93 11.595 41.6
STAR-185 b 2 5043 0.82 0.77 -0.01 1.26909037 12.918 15.4 16.898 14.706 13.93 14.507 12.464 11.961 31.9
STAR-355 b 1 5680 0.96 0.95 -0.02 27.07237711 13.043 2.505 3.3 15.125 14.514 14.898 13.292 12.897 51.6
STAR-072 c 4 6003 NA 1.178 NA 6.414914 12.189 10.275 11.331 12.172 11.749 11.962 10.797 10.516 34.7
STAR-202 b 1 5970 1.198 1.38 0.35 12.8747099 12.998 28.04 31.159 14.97 14.445 14.766 13.4 13.035 39.7
STAR-553 b 1 4192 0.6 0.57 -0.27 2.24338185 13.763 12.003 13.206 16.369 15.11 16.191 13.212 12.521 40.4
STAR-723 b 1 5849 1.02 1.06 -0.01 28.86235584 13.745 12.591 13.805 13.32 12.871 13.13 11.846 11.551 45.7
STAR-532 b 2 4559 0.612 0.65 NA 2.4532 12.96 12.003 13.206 14.874 13.756 14.711 11.992 11.448 35.3
STAR-224 b 1 5162 0.81 0.78 -0.1 13.2140732 13.409 29.699 31.82 16.613 15.934 16.418 14.598 14.125 53
STAR-492 b 2 5806 0.93 1.032 NA 20.342199 13.731 2.505 3.3 15.296 14.713 15.059 13.541 13.201 42
STAR-266 b 1 5746 0.99 1.02 0.02 22.18329658 14.124 28.04 31.159 14.546 14.075 14.351 13.032 12.702 63.4
STAR-268 b NA NA NA NA NA NA 13.181 28.04 31.159 15.313 14.602 15.086 13.221 12.826 36.9
STAR-073 c 4 5243 0.816 0.821 NA 5.690586 13.778 14.9 16.047 14.358 13.699 14.151 12.413 11.994 35.7
STAR-477 b 1 5355 0.88 0.84 0 3.72873109 13.986 2.505 3.3 16.107 15.461 15.909 14.179 13.824 31.2
STAR-575 b 4 5428 0.922 0.945 NA 26.443794 12.963 12.003 13.206 15.718 15.096 15.478 13.878 13.526 37.6
STAR-192 b 1 4435 0.67 0.63 -0.17 11.41928253 12.879 28.04 31.159 16.352 15.249 16.223 13.489 12.887 50.2
STAR-245 b 1 4871 0.75 0.72 -0.13 56.35418576 13.983 4.956 5.811 14.551 13.716 14.409 12.173 11.66 64.4
STAR-610 c 3 5524 NA 0.88 NA 7.410935 12.673 15.4 16.898 13.883 13.367 13.666 12.198 11.819 47.1
STAR-594 b 2 6194 1.19 1.29 0.08 20.42228798 12.307 16.662 18.119 13.809 13.423 13.613 12.538 12.269 46.4
STAR-250 b 2 5913 0.994 0.976 NA 3.701212 13.172 28.04 31.159 16.362 15.788 16.158 14.567 14.263 37
STAR-600 c 2 5857 0.993 0.884 NA 13.699087 12.669 19.07 20.646 15.113 14.587 14.914 13.46 13.101 38.6
STAR-123 b 1 5352 0.87 0.82 -0.06 8.35390639 13.627 2.505 3.3 15.862 15.267 15.71 13.996 13.582 42.2
STAR-069 b 1 4908 1 2.52 0.13 16.33889626 12.81 14.007 15.061 14.588 13.72 14.342 12.211 11.672 19.6
STAR-246 d 4 4252 0.549 0.559 NA 2.576549 12.558 10.275 11.331 16.628 15.264 16.395 13.183 12.487 40.3
STAR-072 b 4 6003 NA 1.178 NA 6.178196 12.189 10.275 11.331 12.172 11.749 11.962 10.797 10.516 35.2
